#Fri Sep 25 07:14:21 BST 2009
arcball.q_drag=0.99965316,-0.025571788,2.7358532E-4,0.0063019395
cam.rotation=-0.5,0.0,0.0
cam.zoom=1.0145023
arcball.q_down=0.8414677,-0.29986292,0.4146246,-0.17349541
cam.pan=230.00003,83.41466,-35.000008
