#Mon Oct 19 15:03:32 BST 2009
arcball.q_drag=0.99990344,-0.01099927,0.0081470385,0.0023996904
cam.rotation=-0.5,0.0,0.0
cam.zoom=1.1174977
arcball.q_down=0.88100636,-0.23573281,0.36025387,-0.19615053
cam.pan=230.00003,128.00037,-35.000008
