#Mon Oct 19 04:30:34 BST 2009
arcball.q_drag=0.999915,0.0026840195,0.012723982,8.873455E-4
cam.rotation=-0.5,0.0,0.0
cam.zoom=1.3775022
arcball.q_down=0.91939425,-0.33095232,-0.20933332,-0.036937807
cam.pan=-99.99982,8.4E-45,8.4E-45
