#Mon Oct 19 14:45:14 BST 2009
arcball.q_drag=0.9999923,0.0024774373,0.0023312569,-0.0019753054
cam.rotation=-0.5,0.0,0.0
cam.zoom=1.3449998
arcball.q_down=0.6630457,0.16284408,0.7084503,-0.1787458
cam.pan=-70.000046,8.4E-45,8.4E-45
