#Mon Oct 19 04:30:03 BST 2009
arcball.q_drag=0.9999922,-0.0027867034,-0.0027981251,7.716054E-5
cam.rotation=-0.5,0.0,0.0
cam.zoom=1.3449998
arcball.q_down=0.673445,0.0032442692,0.73922044,0.003776005
cam.pan=-70.000046,8.4E-45,8.4E-45
